true
79 61 72 72 61 6B 79 61 72 72 61 6B 79
 61 72 72 61 6B 79 61 72 72 61 6B 79 61 72 72 61 6B 79 61 72 72 61
 6B 79 61 72 72 61 6B 79 61

 72 72 61 6B 79 61 72 72 61 6B 79 61 72 72 61 6B 79 61 72 72 61 6B 79 61 72 72 61 6B 79 61 72 72 6
1 6B 79 61 72 72 61 6B 79 61 72 72 61 6B 79 61 72 72 61 
6B 79 61 72 72 61 6B 79 61 72 72 61 6B 79 61 72 72 61 6B 79 61 72 72 61 6B 79 61 72 72 61 6B 79 61 72 72 61 6B 79 61 72 72 61 6B 79
 61 72 72 61 6B 79 61 72 72 61 6B 79 61 72 72 61 6B 79 61 72 72 61 6B 79 61 72 72 61 6B 79 61 72 72 61 6B 79 61 72 72 61 6B 79 61 72 72 61 
6B 79 61 72 72 61 6B 79 61 72 72 61 6B 79 61 72 72 6
1 6B 79 61 72 72 61 6B 79 61 72 72 61 6B 79 61 72 72 61 6B 79 61 72 72 61 6B 79 61 72 72 61 6B 79 61 72 72 61
 6B 79 61 72 72 61 6B 79 61 72 72 61 6B 79 61 72 72 61 6B 79 61 72 72 61 6B 